1)Write a c program for the following pattern



   1 2 3 4 5

   0 3 4 5 6

   0 0 5 6 7

   0 0 0 7 8

   0 0 0 0 9
================================================================================================================================================================================
2)Write a c program for the following pattern



    1 

    1 * 2

    1 * 2 * 3

    1 * 2 * 3 * 4
================================================================================================================================================================================
3)Write a c program to print the pattern 

    1  

    2  3

    4  5  6 

    7  8  9 10

   11 12 13

   14 15

   16
================================================================================================================================================================================
 4)1 2 3 4 5

  2 3 4 5 1

  3 4 5 1 2

  4 5 1 2 3

  5 1 2 3 4
